1.665923114236476099e-01
4.172901997304713229e-01
1.566462105621719836e-01
1.694796168899537214e-01
8.239052307220636751e-01
6.651989127851476447e-02
2.694263309598646794e-01
1.888293461555637931e-01
3.298454062860433078e-01
3.782435100279016860e-01
3.470843402103299669e-01
9.451228729549295826e-01
9.656763809757729078e-01
1.761970752857489053e-02
7.607224430442527385e-01
8.798579912476194309e-01
5.126777710445329372e-01
7.624619545322329772e-01
6.270818361981765898e-01
1.069925782242283629e-01
9.142404647030579756e-01
5.173469959852798894e-01
8.996920153805428866e-01
6.890648711324108833e-01
4.779067366244937887e-02
6.311392629478381755e-01
5.341991968647723521e-01
4.010394390796773179e-01
7.305605692459317124e-01
3.885098780787852313e-01
2.928880024765093681e-01
5.596856399646441549e-01
4.140243487914302412e-01
8.451127773895443784e-01
7.295582350745366540e-02
3.099433532979440908e-01
7.336249246048356376e-01
9.169153073197293669e-01
5.720881035910705403e-01
4.618718780658754852e-01
8.129858140413087630e-01
9.480602563094664426e-02
3.120218509453139832e-01
8.383589194067513350e-01
7.927559425998935705e-01
1.284161045201637208e-02
9.481448394142316660e-01
1.398417426115394768e-02
7.496768281030371517e-01
4.266676944086000844e-03
2.432387083018577867e-01
9.722656294558039702e-01
2.690383188442609930e-01
8.601525385311169503e-01
6.139126093564073461e-02
1.964344461891991411e-01
9.530096213320295995e-01
2.609277141632925234e-01
4.640935021642746960e-01
5.823181717866230400e-01
7.270069108159106230e-01
7.920788314711676437e-01
6.860811280453321670e-01
4.724218511823329303e-01
3.387495349061583338e-01
7.440581560985692899e-02
8.302340502729479432e-01
9.082350385515364222e-01
4.381777685768395436e-02
9.232215032947793665e-01
5.035684375021637349e-01
1.182888050403824165e-01
7.254949766322306148e-01
1.843956018672151531e-01
3.495587998311474598e-01
3.547165088624271156e-02
5.443771776280584840e-01
6.246822982403279489e-01
2.261109133995686804e-01
1.269240435534845224e-01
7.051700487364196412e-01
5.724557281630910932e-01
6.830598896962745137e-01
5.715339930305619598e-01
1.390920675582307808e-02
5.117438781642219547e-01
1.514908093250790788e-01
9.020345990547751214e-01
4.556661560484264184e-01
2.769624254965088461e-01
7.482801133901940682e-01
3.901465053373354142e-01
1.555350053591586512e-02
3.599917448285884225e-01
7.942107751958852324e-01
8.226118469246257447e-03
9.496931465990815502e-01
1.346809816472127608e-01
1.709748484775244215e-01
1.908094978179740719e-01
